30.4467899976442,114.471849443141,0.0205163541249931,-0.01009792892728,0.00807218067348003,0000000081_L.jpg
30.4467539241241,114.471848579194,0.047952719964087,0.00901977473404258,-0.00572417862713337,0000000082_L.jpg
30.4467178466202,114.471847993872,0.0329144392162561,0.0159788075834513,-0.0168737246886792,0000000083_L.jpg
30.4466817663222,114.471847719575,0.031011650338769,0.0189952935324982,-0.0263469694182277,0000000084_L.jpg
30.4466456849531,114.471847645615,0.00425473926588893,0.0337773922365159,-0.0577863675921257,0000000085_L.jpg
30.4466096048726,114.471847854687,-0.00686096027493477,0.100608101231046,-0.0637430511089896,0000000086_L.jpg
30.4465735326295,114.471846955268,-0.0264372923411429,0.0942671595839784,-0.0759482246548053,0000000087_L.jpg
30.4465374717144,114.471845635318,-0.0242115776054561,0.0961886125151068,-0.0819727929699994,0000000088_L.jpg
30.4465014757602,114.47184278474,-0.014986087102443,0.0784950308734551,-0.102300205901184,0000000089_L.jpg
30.4464656424445,114.471837966855,-0.00881399447098374,0.0526273943250999,-0.0837902627753095,0000000090_L.jpg
30.446430311367,114.471829531454,0.038918646518141,-0.0231378852622584,-0.0885333313148848,0000000091_L.jpg
30.4463954122188,114.471818959229,0.0305601870641112,0.0903831789037213,-0.130063610441972,0000000092_L.jpg
30.4463622197283,114.471802631607,0.0126016475260258,0.124217467615381,-0.178320130847645,0000000093_L.jpg
30.4463314953605,114.471780810478,0.0429863398894668,0.0857661687768996,-0.179609900751622,0000000094_L.jpg
30.4463033629222,114.471754738889,0.0675127562135458,0.104624143918045,-0.223834933245353,0000000095_L.jpg
30.446278696954,114.471724347237,0.0717182722873986,0.119721837341785,-0.289730113798264,0000000096_L.jpg
30.4462582072333,114.471690070054,0.0938695040531456,0.134310310473666,-0.372022426168378,0000000097_L.jpg
30.4462422742779,114.47165270612,0.119687879923731,0.154820367111824,-0.45088733453764,0000000098_L.jpg
30.4462310031022,114.471613146021,0.15821677306667,0.181811334332451,-0.534923602643925,0000000099_L.jpg
30.4462243368962,114.471572219966,0.212964177131653,0.200427749077789,-0.59195413767581,0000000100_L.jpg
30.4462214105528,114.471530713332,0.268843241035938,0.234207665547729,-0.693431163340442,0000000101_L.jpg
30.4462210653024,114.471489071475,0.297540839761496,0.269782564835623,-0.790238690210746,0000000102_L.jpg
30.4462223821122,114.471447459788,0.290173036977649,0.304589726612903,-0.922274394151586,0000000103_L.jpg
30.446225481867,114.471405969644,0.330573504325002,0.286913597490638,-0.984564296417101,0000000104_L.jpg
30.4462291187664,114.471364539349,0.33072249032557,0.330231120693497,-1.07962756506026,0000000105_L.jpg
30.4462329228719,114.47132313927,0.312737974338233,0.315429304842837,-1.23257640401132,0000000106_L.jpg
30.4462382519439,114.471281993014,0.45631220843643,0.304153482778929,-1.46445899385339,0000000107_L.jpg
30.4462419472762,114.471240569536,0.471917285583913,0.334841976175085,-1.55950303254383,0000000108_L.jpg
30.4462437383956,114.471198980948,0.418894099071622,0.254608353017829,-1.68166155455692,0000000109_L.jpg
30.4462448541655,114.471157371246,0.398592133074999,0.264607578632422,-1.8625226435978,0000000110_L.jpg
30.4462455512127,114.471115737336,0.411389016546309,0.212192947044969,-1.98156287924499,0000000111_L.jpg
30.446246199905,114.471074102001,0.448540040291846,0.18147229438182,-2.0959506300705,0000000112_L.jpg
30.4462459681076,114.471032461727,0.406131171155721,0.202113998588175,-2.22008732921607,0000000113_L.jpg
30.4462458635565,114.470990821104,0.383664151187986,0.196177987731062,-2.34233199360849,0000000114_L.jpg
30.4462451170062,114.470949185938,0.293393547646701,0.137117819394916,-2.40702978168287,0000000115_L.jpg
30.4462454701544,114.470907548911,0.329718206543475,0.105995652615093,-2.53951815845044,0000000116_L.jpg
30.4462452358863,114.470865913553,0.302410066127777,0.0768014463828877,-2.69151081210786,0000000117_L.jpg
30.4462454433418,114.470824275013,0.324375727213919,0.0473791856784374,-2.82706614399247,0000000118_L.jpg
30.4462455710116,114.47078263577,0.33745205309242,0.0279135962482542,-2.95869828943585,0000000119_L.jpg
30.4462456581036,114.470740997784,0.347715034615248,-0.0111053275177255,-3.09592337729518,0000000120_L.jpg
30.4462452922829,114.470699364797,0.305394065566361,-0.0246125471312553,-3.24740513995017,0000000121_L.jpg
30.4462455775091,114.470657728501,0.332145878579468,-0.0414830034133047,-3.39048795167577,0000000122_L.jpg
30.4462455296613,114.470616093785,0.322676661424339,-0.0379702256759629,-3.54526124747544,0000000123_L.jpg
30.44624558981,114.470574459188,0.32182352244854,-0.024640916264616,-3.69439387664929,0000000124_L.jpg
30.4462460073851,114.470532821007,0.35916188172996,-0.0381380774779245,-3.80995192000512,0000000125_L.jpg
30.446246372699,114.470491180516,0.386363473720849,-0.0102135664783418,-3.91615245207689,0000000126_L.jpg
30.4462466893967,114.470449544535,0.407720885239542,0.00599501619581133,-4.06196942066533,0000000127_L.jpg
30.4462468116862,114.470407908341,0.404663715977222,0.0191366712097079,-4.20999486895254,0000000128_L.jpg
30.4462466563312,114.470366271707,0.366625708062202,0.0141753646312281,-4.35197709566231,0000000129_L.jpg
30.4462473798579,114.470324645309,0.423803473822773,-0.0290448602754623,-4.50713879651769,0000000130_L.jpg
30.446247192949,114.470283023536,0.377960173878819,-0.0115129699697718,-4.70730755349746,0000000131_L.jpg
30.4462474844005,114.470241394624,0.383893996011466,0.00616011186502874,-4.88047006013,0000000132_L.jpg
30.4462487600451,114.470199779614,0.499891215935349,-0.0412382720969617,-4.89866065987872,0000000133_L.jpg
30.4462488948821,114.470158146353,0.485371414572001,-0.0739050167612731,-5.05927815620616,0000000134_L.jpg
30.4462485883498,114.470116522712,0.423045657109469,-0.0602549489121884,-5.25405652137076,0000000135_L.jpg
30.4462487759559,114.47007488427,0.421695686411113,-0.0954118161462247,-5.38425133777279,0000000136_L.jpg
30.4462486275406,114.470033251703,0.390325875487179,-0.115260096499696,-5.54621359796361,0000000137_L.jpg
30.4462489131052,114.46999160898,0.406374020967633,-0.14849917893298,-5.62551517601305,0000000138_L.jpg
30.4462489294045,114.46994996609,0.397502690088004,-0.182177748763934,-5.73175949868101,0000000139_L.jpg
30.4462483993728,114.469908355148,0.332693804986775,-0.199686439707875,-5.95379278132715,0000000140_L.jpg
30.4462479293616,114.469866728991,0.278937304392457,-0.210421115509234,-6.13433597021152,0000000141_L.jpg
30.4462474014,114.469825100697,0.220455926377326,-0.253470069495961,-6.29420145673034,0000000142_L.jpg
30.4462472249952,114.469783460084,0.200452403631061,-0.254350937204435,-6.41193124914491,0000000143_L.jpg
30.4462470525728,114.46974182055,0.180588300339878,-0.284534323262051,-6.53751670196612,0000000144_L.jpg
30.4462467039528,114.469700185282,0.145953739061952,-0.270700927358121,-6.68674191089437,0000000145_L.jpg
30.446246704336,114.469658545117,0.147607184015214,-0.273277660249732,-6.81519708089143,0000000146_L.jpg
30.4462464355903,114.469616911695,0.112098681740463,-0.259099803632125,-6.96944629535549,0000000147_L.jpg
30.446246320399,114.469575275035,0.0887891119346023,-0.250067504588515,-7.11420707215078,0000000148_L.jpg
30.4462455336443,114.469533663715,-0.0144268898293376,-0.207269331091084,-7.31610620813174,0000000149_L.jpg
30.4462450084671,114.469492040422,-0.0946804778650403,-0.234040893730707,-7.49630982362635,0000000150_L.jpg
30.4462447171172,114.469450425095,-0.154420036822557,-0.179746617213823,-7.70995626889376,0000000151_L.jpg
30.4462444390012,114.469408801392,-0.21850065048784,-0.197333518299274,-7.89786580309869,0000000152_L.jpg
30.4462447174812,114.469367164463,-0.229721307754517,-0.189397875103168,-8.03701094361444,0000000153_L.jpg
30.4462451194977,114.469325527528,-0.237239448353648,-0.195940223406069,-8.16340297357898,0000000154_L.jpg
30.4462454398061,114.469283898122,-0.261643214616925,-0.20171447028406,-8.33300635149964,0000000155_L.jpg
30.4462463392809,114.46924226814,-0.229430348146707,-0.248345476924442,-8.43264058423333,0000000156_L.jpg
30.446246896571,114.469200629798,-0.24381953291595,-0.248693541972898,-8.52919842376432,0000000157_L.jpg
30.4462479002128,114.469159036194,-0.213273249100894,-0.290205377736129,-8.76438323448997,0000000158_L.jpg
30.4462470377144,114.46911746571,-0.399348490871489,-0.311726190615445,-9.05484794166509,0000000159_L.jpg
30.4462466116515,114.469075867093,-0.548817518632859,-0.319572320324369,-9.30953796035233,0000000160_L.jpg
30.4462479416746,114.469034252704,-0.532348001841456,-0.348629615269601,-9.42400089869544,0000000161_L.jpg
30.4462493370684,114.468992654108,-0.568775395862758,-0.363323615980335,-9.60307071630489,0000000162_L.jpg
30.4462509306883,114.468951079128,-0.643016504123807,-0.375976383918896,-9.80614943562246,0000000163_L.jpg
30.4462548737818,114.468909685126,-0.524635271634907,-0.366996688069776,-9.82087424875612,0000000164_L.jpg
30.4462586274121,114.468868271495,-0.484214430674911,-0.392941424623132,-9.94002357072688,0000000165_L.jpg
30.4462628099081,114.468826912277,-0.449090251233429,-0.390488435630687,-10.0770995499227,0000000166_L.jpg
30.4462665179533,114.468785496851,-0.495173463132232,-0.384537804755382,-10.2367772346223,0000000167_L.jpg
30.4462703073643,114.468744088597,-0.542892455123365,-0.373996424023062,-10.3680121935039,0000000168_L.jpg
30.4462742569985,114.468702700975,-0.532927786465734,-0.377804422401823,-10.4912142061367,0000000169_L.jpg
30.4462771816652,114.468661212578,-0.526514367666095,-0.324844295042567,-10.6825689171445,0000000170_L.jpg
30.4462787884264,114.468619638879,-0.547799717634916,-0.368281249189749,-10.8989913122518,0000000171_L.jpg
30.4462795944573,114.468578031692,-0.57525698794052,-0.323988388059661,-11.1161837387475,0000000172_L.jpg
30.4462804445392,114.468536406339,-0.573426976799965,-0.38080670661293,-11.2494751774535,0000000173_L.jpg
30.4462815843038,114.468494845954,-0.557843761518598,-0.348938459297642,-11.5085184767885,0000000174_L.jpg
30.4462807491472,114.468453269272,-0.788288059644401,-0.367806751630269,-11.7570031415417,0000000175_L.jpg
30.4462817891498,114.468411656727,-0.841386855114251,-0.377205836586654,-11.8820376647636,0000000176_L.jpg
30.4462830001034,114.468370056187,-0.906070569995791,-0.410230994806625,-12.0366205207839,0000000177_L.jpg
30.4462840364699,114.468328458963,-1.00788203766569,-0.443142767297104,-12.2510392224293,0000000178_L.jpg
30.4462853527137,114.468286864122,-1.07947468897328,-0.424626173335128,-12.4058682291584,0000000179_L.jpg
30.446288249695,114.468245379428,-0.995600750204176,-0.459720286889933,-12.5409371545538,0000000180_L.jpg
30.4462909465167,114.468203854875,-0.94558726483956,-0.452793150441721,-12.5979849165305,0000000181_L.jpg
30.4462933989564,114.468162319319,-0.94928592024371,-0.458365142345428,-12.7076131476837,0000000182_L.jpg
30.4462960004594,114.468120799944,-1.01984650362283,-0.470497896894813,-12.8403233559802,0000000183_L.jpg
30.4463005762254,114.468079506066,-1.04081088211387,-0.522572651039809,-12.9770886087654,0000000184_L.jpg
30.4463069519956,114.468038536155,-1.10870914859697,-0.507193135796115,-13.1484165870309,0000000185_L.jpg
30.4463169417872,114.467998531656,-1.10253704991192,-0.457687488873489,-13.296762605995,0000000186_L.jpg
30.446330975306,114.46796016685,-1.02978418441489,-0.42671155789867,-13.3458973098769,0000000187_L.jpg
30.4463478388724,114.467923350906,-1.03674250049517,-0.409410447231494,-13.4245414048372,0000000188_L.jpg
30.4463667025731,114.467887857989,-1.23121533216909,-0.42763984866906,-13.5550385136801,0000000189_L.jpg
30.4463664272033,114.467847953606,-3.90724811982363,-1.19519118394237,-12.4779241791695,0000000190_L.jpg
30.4463932574506,114.467820110054,-3.91354650491849,-1.14625396404881,-12.5768392084479,0000000191_L.jpg
30.4464226166468,114.467795902779,-3.92224508104846,-1.10955521813594,-12.6321420607925,0000000192_L.jpg
30.4464540307881,114.467775420038,-3.9857594165951,-1.08898474718444,-12.7282988495202,0000000193_L.jpg
30.4464892074844,114.467767248795,-3.76378370961174,-0.342539268429391,-12.3627973115354,0000000194_L.jpg
30.4465237952508,114.467755399222,-3.80208009714261,-0.309635289828293,-12.3834119986638,0000000195_L.jpg
30.4465592220086,114.4677475234,-3.79870751593262,-0.218506029807031,-12.383693951564,0000000196_L.jpg
30.4465945821372,114.467739272637,-3.80689551820979,-0.420569786569104,-12.3685313015849,0000000197_L.jpg
30.4466305017453,114.467735347912,-3.81803767709062,-0.402270848629996,-12.394268177769,0000000198_L.jpg
30.446666548027,114.46773369506,-3.82210243167356,-0.318979986594059,-12.3746539411352,0000000199_L.jpg
30.4467026239614,114.467734156865,-3.78997795237228,-0.14992858748883,-12.3742586886899,0000000200_L.jpg
30.4467387016991,114.467733776424,-3.78746717469767,-0.156409087474458,-12.3843159299491,0000000201_L.jpg
30.4467747665542,114.467735006639,-3.77284718956798,-0.0623427634127438,-12.4051103890254,0000000202_L.jpg
30.4468108423032,114.467735233401,-3.73668127739802,-0.067822739481926,-12.3849850555686,0000000203_L.jpg
30.4468469176349,114.467735882056,-3.71296928683296,-0.0289383565541357,-12.4064444177935,0000000204_L.jpg
30.4468829971814,114.46773579373,-3.71683122590184,-0.0582741049584001,-12.4198675987292,0000000205_L.jpg
30.4469190742632,114.467736377849,-3.63532258523628,-0.0247601483715698,-12.446059954768,0000000206_L.jpg
30.4469551489388,114.467736983835,-3.66030808584765,0.00762839918024838,-12.4579957921537,0000000207_L.jpg
30.4469912279349,114.467737382952,-3.61470920173451,0.0241073847282678,-12.5025328685821,0000000208_L.jpg
30.4470272999518,114.467736456247,-3.64222186990082,-0.0890685267513618,-12.5869716362106,0000000209_L.jpg
30.4470633799665,114.467736791248,-3.60321885673329,-0.0866162623278797,-12.6613065579415,0000000210_L.jpg
30.4470994608638,114.467736671828,-3.61916285473853,-0.133235515793785,-12.7417064831569,0000000211_L.jpg
30.4471355420988,114.467736805961,-3.63371867174283,-0.154433610965498,-12.8016613200051,0000000212_L.jpg
30.4471716176314,114.46773739234,-3.6507921917364,-0.134432570077479,-12.8082938321666,0000000213_L.jpg
30.4472076828253,114.46773857238,-3.65587523533031,-0.0606213122373447,-12.8259520435771,0000000214_L.jpg
30.4472437585087,114.467739279719,-3.64338142005727,-0.0314744259230793,-12.8639989192827,0000000215_L.jpg
30.4472798375728,114.46773957788,-3.65851745009422,-0.0422907648608088,-12.9010750648592,0000000216_L.jpg
30.4473159032937,114.467740773961,-3.65649324515834,0.0313412335235626,-12.9318963563922,0000000217_L.jpg
30.4473519823513,114.467741247383,-3.6685463427566,0.0359079076442868,-12.9930107446596,0000000218_L.jpg
30.4473880070767,114.467743389978,-3.67741336161271,0.206353943329304,-12.9398790457621,0000000219_L.jpg
30.4474240750009,114.467742254014,-3.63906983938068,0.0805740371579304,-12.9846263846383,0000000220_L.jpg
30.4474601455147,114.467741228852,-3.61192588880658,-0.00699737493414432,-13.0376107780024,0000000221_L.jpg
30.4474962204733,114.467741459185,-3.61737665394321,0.0360160552663729,-13.0008259676397,0000000222_L.jpg
30.4475322837766,114.467742309717,-3.59485260723159,0.138808959745802,-12.9238027473912,0000000223_L.jpg
30.447568362732,114.467742065795,-3.55227899877355,0.125201620394364,-12.9037233377411,0000000224_L.jpg
30.4476044376733,114.467742031825,-3.544846707955,0.121571467141621,-12.8431733138859,0000000225_L.jpg
30.4476404434586,114.467739341459,-3.52036344492808,-0.137292655650526,-12.834199892357,0000000226_L.jpg
30.4476765107323,114.467738459834,-3.5116194980219,-0.218047478469089,-12.7528824903278,0000000227_L.jpg
30.4477125636049,114.467738991644,-3.49387627281249,-0.164251338224858,-12.5898367227747,0000000228_L.jpg
30.447748620746,114.467739306257,-3.48537128325552,-0.137210072949529,-12.424801852606,0000000229_L.jpg
30.4477846876197,114.467739133927,-3.47297954373062,-0.15004171046894,-12.2800926934034,0000000230_L.jpg
30.4478207395124,114.467738654635,-3.46418330213055,-0.187585250008851,-12.0897316172691,0000000231_L.jpg
30.4478567441788,114.467736884853,-3.49029635777697,-0.352682013995945,-11.8485379232108,0000000232_L.jpg
30.4478927711162,114.467737663278,-3.50790467765182,-0.272515590069816,-11.5917444460646,0000000233_L.jpg
30.4479288309905,114.467737563042,-3.47476602811366,-0.278757449705154,-11.4017485247465,0000000234_L.jpg
30.4479648856114,114.467737497898,-3.53139770869166,-0.283928535296582,-11.1947174388466,0000000235_L.jpg
30.4480009284076,114.467736613891,-3.53811738220975,-0.370130336028524,-10.9681800302867,0000000236_L.jpg
30.4480369775088,114.467736851981,-3.54713964508846,-0.347522178431973,-10.7447780101594,0000000237_L.jpg
30.448073028171,114.467736281282,-3.55704870540649,-0.39641305198893,-10.5317816001062,0000000238_L.jpg
30.4481090726848,114.467735936919,-3.54126444691792,-0.412123237387277,-10.3159642287581,0000000239_L.jpg
30.4481450896762,114.467734275517,-3.57660888321698,-0.548661258770153,-10.0755220002722,0000000240_L.jpg
30.4481811272047,114.467733480909,-3.55440647760406,-0.595301157562062,-9.83218996406473,0000000241_L.jpg
30.4482171741778,114.467733339748,-3.52375865913928,-0.57916456903331,-9.61159164286577,0000000242_L.jpg
30.4482532213002,114.467732794443,-3.53613570891321,-0.610847527626902,-9.39971231419597,0000000243_L.jpg
30.4482892717519,114.467732122802,-3.5154690486379,-0.673169646295719,-9.19588795572547,0000000244_L.jpg
30.4483253109121,114.467731882893,-3.48203170951456,-0.713778245029971,-8.94979690843962,0000000245_L.jpg
30.4483613520807,114.467732526057,-3.47033629240468,-0.685106024960987,-8.71306634198386,0000000246_L.jpg
30.4483973903905,114.467732880664,-3.41697782464325,-0.685963797732256,-8.46299777200075,0000000247_L.jpg
30.4484334321792,114.467733474137,-3.40203603962436,-0.65373664710205,-8.23452230605804,0000000248_L.jpg
30.4484694819115,114.467733904414,-3.36736376024783,-0.632713815313764,-8.0289908105626,0000000249_L.jpg
30.4485055254754,114.467734195562,-3.36819476541132,-0.620524004334584,-7.81456720672095,0000000250_L.jpg
30.448541583289,114.467734299632,-3.37071111146361,-0.620559766190127,-7.62180157741899,0000000251_L.jpg
30.448577633084,114.467734300099,-3.3712400784716,-0.627098317723721,-7.38864371865699,0000000252_L.jpg
30.4486136688984,114.467734254126,-3.33385717263445,-0.633591257268563,-7.13027228226822,0000000253_L.jpg
30.4486497086246,114.467734096838,-3.35421334346756,-0.648693196591921,-6.89341640399267,0000000254_L.jpg
30.448685763707,114.467733947017,-3.35493385139853,-0.66692317603156,-6.694116730166,0000000255_L.jpg
30.4487218123517,114.467734339163,-3.38483476173133,-0.646504329517484,-6.47910033197113,0000000256_L.jpg
30.4487578540669,114.467734562924,-3.39130123751238,-0.656958738225512,-6.24406010962701,0000000257_L.jpg
30.448793876753,114.46773526486,-3.43493986362591,-0.644504737807438,-5.97652703960117,0000000258_L.jpg
30.4488299276776,114.467735609764,-3.44974884856492,-0.690603918861598,-5.76644592086511,0000000259_L.jpg
30.4488659458221,114.46773687573,-3.48326208954677,-0.686784568941221,-5.50855702600911,0000000260_L.jpg
30.4489019605075,114.467738218447,-3.49530276469886,-0.722874593921006,-5.24977452482469,0000000261_L.jpg
30.44893795102,114.46774012129,-3.49571022158489,-0.752450221916661,-4.98109458958636,0000000262_L.jpg
30.4489739453555,114.467742638085,-3.48195049166679,-0.772150579374284,-4.78177605848186,0000000263_L.jpg
30.4490098601037,114.467745751112,-3.46132358489558,-0.780951288063079,-4.49028794551606,0000000264_L.jpg
30.4490457948042,114.467749129683,-3.45368071924895,-0.805672999471426,-4.27809021939085,0000000265_L.jpg
30.4490816825132,114.467752911772,-3.4260015101172,-0.822906477609649,-4.01957596429712,0000000266_L.jpg
30.4491175470038,114.467757209446,-3.4198982603848,-0.807720669195987,-3.80708626489196,0000000267_L.jpg
30.4491533851913,114.467761445232,-3.40388747630641,-0.792510161176324,-3.508643830936,0000000268_L.jpg
30.4491891255522,114.467766690172,-3.38892684923485,-0.670949083869345,-3.23733542569005,0000000269_L.jpg
30.4492250348511,114.467770570628,-3.40911732241511,-0.653700186288916,-3.06711565856757,0000000270_L.jpg
30.4492609543992,114.467773899442,-3.35985941486433,-0.661459873779677,-2.81574050126677,0000000271_L.jpg
30.4492968568373,114.467777452474,-3.34358586138114,-0.635734377428889,-2.55165071773497,0000000272_L.jpg
30.4493327211443,114.467781278336,-3.3518799408339,-0.568291486357339,-2.25202368010933,0000000273_L.jpg
30.4493687236099,114.467783605972,-3.31819795817137,-0.634516149060801,-2.05840103641458,0000000274_L.jpg
30.44940471898,114.467785711957,-3.33063525147736,-0.711908006924205,-1.81989814130639,0000000275_L.jpg
30.4494407120861,114.467787765072,-3.34420830197632,-0.784349972964264,-1.56889888339339,0000000276_L.jpg
30.4494766316999,114.467790915844,-3.33837924152613,-0.735297581763007,-1.28578617020265,0000000277_L.jpg
30.449512590171,114.46779372797,-3.38873874163255,-0.701370898401365,-1.04361011613144,0000000278_L.jpg
30.4495485828257,114.467795648859,-3.43612279929221,-0.717541644000448,-0.762398307472644,0000000279_L.jpg
30.4495845918784,114.467797035081,-3.41635140962899,-0.751690352917649,-0.492869691896985,0000000280_L.jpg
30.4496206154003,114.467798717739,-3.47714438429102,-0.732525226194412,-0.273400048841381,0000000281_L.jpg
30.4496566160886,114.467800392462,-3.47243179567158,-0.689635824877769,0.00647692402917954,0000000282_L.jpg
30.4496926454627,114.467801794294,-3.4368319218047,-0.652657176018693,0.222936648675525,0000000283_L.jpg
30.4497286628863,114.46780215627,-3.51452866801992,-0.702739687403664,0.51591053378003,0000000284_L.jpg
30.449764690393,114.467802806922,-3.47926261089742,-0.712377697695047,0.775434031406245,0000000285_L.jpg
30.4498007175648,114.467803678336,-3.51566819986328,-0.701298701926135,1.03228974102719,0000000286_L.jpg
30.4498367270135,114.4678051405,-3.49041617708281,-0.638700539595447,1.29721245812651,0000000287_L.jpg
30.4498727841422,114.467805361509,-3.40574039332569,-0.716059274272993,1.50356111670264,0000000288_L.jpg
30.4499087939239,114.467805765158,-3.32346165273339,-0.77022045920603,1.79572277541442,0000000289_L.jpg
30.4499448315244,114.467807047399,-3.26117676915601,-0.811711782473139,2.00022024936991,0000000290_L.jpg
30.4499807307136,114.467810895176,-3.25912568857893,-0.789386145886965,2.21762174564547,0000000291_L.jpg
30.4500160619251,114.467819043571,-3.29224552027881,-0.650306218652986,2.48240404613303,0000000292_L.jpg
30.4500509491012,114.467829523886,-3.27707356773317,-0.700831556809135,2.68291461825386,0000000293_L.jpg
30.4500835198649,114.467847439397,-3.40922381309792,-0.441294479882345,2.78370469450962,0000000294_L.jpg
30.4501194212604,114.467844571948,-2.97046968247741,-2.66301974095404,2.54613138475419,0000000295_L.jpg
30.450149072057,114.467867353491,-2.89167126873508,-2.93004148453474,3.2255773876162,0000000296_L.jpg
30.450170209978,114.467898536048,-3.36512084910646,-2.81218447850551,4.51542996481042,0000000297_L.jpg
30.4501821288034,114.467937625306,-4.49028349714354,-2.25500114576425,4.97620182640836,0000000298_L.jpg
30.4501898977317,114.467978023614,-5.69292421313003,-1.86523637978826,5.49177742660031,0000000299_L.jpg
30.4501940568153,114.468019110604,-6.85277853673324,-1.62076272221748,6.00371978521927,0000000300_L.jpg
30.450193763831,114.468060408215,-8.11343494104221,-1.47772561269812,6.55690339799983,0000000301_L.jpg
30.4501915406471,114.468101683876,-9.27155239135027,-1.35767928219866,7.06499216860833,0000000302_L.jpg
30.4501857769343,114.468142455403,-10.5474459500983,-1.42600014992058,7.60492296610028,0000000303_L.jpg
30.4501780808812,114.468182790981,-11.8091803831048,-1.54768124385737,8.1296794982627,0000000304_L.jpg
30.4501697743549,114.468223004874,-13.0004230486229,-1.63962742302101,8.61866538506001,0000000305_L.jpg
30.4501612166763,114.468263152434,-14.1456607584842,-1.82180255616549,9.12230066430426,0000000306_L.jpg
30.4501518926356,114.468303077829,-15.3425615127198,-1.94360206148122,9.6364323806403,0000000307_L.jpg
30.4501421156659,114.468342862325,-16.5654883012176,-2.13245212880429,10.176274641105,0000000308_L.jpg
30.4501320376733,114.468382476298,-17.7913360083476,-2.26540557609405,10.7697903262913,0000000309_L.jpg
30.450122186947,114.468422136625,-18.9760869448073,-2.44578828371596,11.3504671740531,0000000310_L.jpg
30.4501121979445,114.468461836296,-20.1524111605249,-2.59780542133376,11.8946187324061,0000000311_L.jpg
30.4501017448398,114.468501303597,-21.3711284254678,-2.7846737090731,12.4818020225029,0000000312_L.jpg
30.4500914276592,114.468540833221,-22.5712102125399,-2.95965046493802,13.0723929521083,0000000313_L.jpg
30.4500810643675,114.468580341363,-23.7741656363942,-3.1087379535893,13.6582440481828,0000000314_L.jpg
30.4500709331937,114.468619933505,-24.9398761731572,-3.34931399254128,14.2418785596461,0000000315_L.jpg
30.4500606634116,114.468659470541,-26.1132694566622,-3.54985167155974,14.8471006487243,0000000316_L.jpg
30.4500606634116,114.468659470541,-26.1569418921135,-7.55220063705929,14.9397424045905,0000000317_L.jpg
30.450049685493,114.468698714519,-27.3897078125738,-7.7259855135344,15.5740916492641,0000000318_L.jpg
30.4500388595496,114.468738125491,-28.595222924836,-7.92904800584074,16.1494970531678,0000000319_L.jpg
30.4500278267344,114.468777377689,-29.8388322438113,-8.13309090922121,16.7533518959284,0000000320_L.jpg
30.4500169849082,114.46881675071,-31.0639290474355,-8.36071009782609,17.3402303068954,0000000321_L.jpg
30.4500063793084,114.468856183896,-32.2641525520012,-8.57287318585441,17.953549973847,0000000322_L.jpg
30.4499942075069,114.468895084855,-33.6363788307644,-8.81941720179748,18.5004754482778,0000000323_L.jpg
30.4499833854487,114.468934451796,-34.8536320528947,-9.05881455121562,19.0971450854378,0000000324_L.jpg
30.4499718056632,114.468973491065,-36.1543878600933,-9.31106132548302,19.7268408922412,0000000325_L.jpg
30.4499606482509,114.469012766818,-37.398704583291,-9.54763885145076,20.2992269118948,0000000326_L.jpg
30.4499503819861,114.469052253718,-38.5375408665277,-9.73953610437457,20.9455805741976,0000000327_L.jpg
30.4499398980233,114.469091748687,-39.6871768296696,-9.91631242190488,21.5259223383184,0000000328_L.jpg
30.449928855263,114.469131069588,-40.8876153104939,-10.1057659311919,22.08671181139,0000000329_L.jpg
30.4499174237528,114.46917016578,-42.1296517127194,-10.3779965596041,22.7093635387775,0000000330_L.jpg
30.4499056045943,114.46920906368,-43.4034557905979,-10.5726466035703,23.4009615111895,0000000331_L.jpg
30.4498944737243,114.469248166151,-44.6113165607676,-10.8467063686112,24.0926320238611,0000000332_L.jpg
30.4498830427773,114.469287174761,-45.8526380928233,-11.0411409855587,24.7760082808905,0000000333_L.jpg
30.449872200767,114.469326411465,-47.0289690145291,-11.2607133074198,25.451064590899,0000000334_L.jpg
30.4498596723924,114.469365017323,-48.3906702850945,-11.5050946654519,26.0977712459455,0000000335_L.jpg
30.4498484644228,114.469404245674,-49.6032419474795,-11.7251762688393,26.6931456523022,0000000336_L.jpg
30.4498368291168,114.469443241693,-50.8721463447437,-11.9372369736666,27.3339585337992,0000000337_L.jpg
30.4498253983748,114.469482375798,-52.1179016646929,-12.1454773898004,27.9376308175665,0000000338_L.jpg
30.4498146187532,114.469521782197,-53.2994662262499,-12.363741163048,28.5153930390647,0000000339_L.jpg
30.449803922918,114.469561267592,-54.4741366556846,-12.5336861315882,29.0516705764608,0000000340_L.jpg
30.4497928068567,114.469600572296,-55.7023845734075,-12.7524711625883,29.6034645068832,0000000341_L.jpg
30.4497818596362,114.469639964919,-56.9202554617077,-13.0219217840349,30.1531624470437,0000000342_L.jpg
30.4497712904301,114.469679488353,-58.1068106093444,-13.2217816105112,30.7219254978134,0000000343_L.jpg
30.449760621104,114.469718906969,-59.3061807006598,-13.4493809088599,31.3285387958464,0000000344_L.jpg
30.4497497765756,114.469758327868,-60.515791201964,-13.6565203061327,31.8775616250722,0000000345_L.jpg
30.4497388058214,114.469797701116,-61.7369292220101,-13.8987427246757,32.4341503410846,0000000346_L.jpg
30.4497274687473,114.469836938221,-62.9883817420341,-14.120351573918,32.9931494070937,0000000347_L.jpg
30.4497158885562,114.469876089388,-64.2560629490763,-14.3289020488737,33.5339143088129,0000000348_L.jpg
30.4497048136943,114.469915450101,-65.4624982131645,-14.556389389094,34.0746190033547,0000000349_L.jpg
30.4496941741818,114.469954998417,-66.6202026032843,-14.7413196628913,34.6006057679041,0000000350_L.jpg
30.4496833262585,114.469994371549,-67.8061717273667,-14.8796822136501,35.1803719241789,0000000351_L.jpg
30.4496724930793,114.470033766967,-68.9924193983898,-15.1006434661103,35.7548285531284,0000000352_L.jpg
30.4496616250747,114.470073196244,-70.1891023530625,-15.3060743997339,36.2900224748659,0000000353_L.jpg
30.449650769344,114.47011269121,-71.3826144807972,-15.4520256078104,36.7791289642186,0000000354_L.jpg
30.4496396828737,114.470152020806,-72.6077025886625,-15.662812976283,37.3351848842503,0000000355_L.jpg
30.4496286267993,114.470191266364,-73.8273419286124,-15.8975873606978,37.948447020395,0000000356_L.jpg
30.44961751356,114.470230587824,-75.0544989695773,-16.0853214542149,38.5234811792391,0000000357_L.jpg
30.4496063154715,114.470269807205,-76.2791944867931,-16.2950073236134,39.0925411434517,0000000358_L.jpg
30.4495956849562,114.470309336268,-77.4418486179784,-16.5232501389692,39.6233222673706,0000000359_L.jpg
30.4495846210533,114.470348676005,-78.6514457641169,-16.6968503256794,40.1832102539525,0000000360_L.jpg
30.4495755009019,114.470388586436,-79.6426587561145,-16.8434403667925,40.791074002802,0000000361_L.jpg
30.4495650789668,114.470428123073,-80.7852216754109,-17.0638603062835,41.3630863006144,0000000362_L.jpg
30.4495538727447,114.470467489803,-82.0083651016466,-17.2822475557914,41.8454701732936,0000000363_L.jpg
30.4495425091164,114.470506732678,-83.2529197223485,-17.5661961130099,42.3983865168951,0000000364_L.jpg
30.4495316774245,114.470546089574,-84.4488413757645,-17.7947978958255,42.990499094155,0000000365_L.jpg
30.4495214912495,114.470585694539,-85.5759288081899,-18.0252260807902,43.5840949488966,0000000366_L.jpg
30.4495104016436,114.47062499697,-86.8089647325687,-18.2227346411673,44.1413599835199,0000000367_L.jpg
30.4494983211335,114.470663923415,-88.1492738085799,-18.5257382275304,44.698462608568,0000000368_L.jpg
30.4494860075746,114.470702800903,-89.5163539224304,-18.759645260754,45.2096440990282,0000000369_L.jpg
30.4494746289303,114.470742125318,-90.7718753516674,-19.0026171538047,45.6799618888699,0000000370_L.jpg
30.4494631739684,114.470781394773,-92.0331532936543,-19.1896542073227,46.1661082924348,0000000371_L.jpg
30.4494525318593,114.470820974568,-93.1971083595417,-19.3351309010759,46.6349213969276,0000000372_L.jpg
30.4494419921447,114.470860569247,-94.3577955593355,-19.5181612732122,47.1325230984894,0000000373_L.jpg
30.4494310735768,114.470900012472,-95.5614173500799,-19.7412077991758,47.64398103089,0000000374_L.jpg
30.4494199644023,114.470939412706,-96.7934580477886,-19.8964568126248,48.1270294587455,0000000375_L.jpg
30.4494090277299,114.470978861768,-98.0086310668848,-20.0824730311288,48.6278087954193,0000000376_L.jpg
30.4493984107134,114.471018430388,-99.19672027044,-20.2777328912634,49.1220039126312,0000000377_L.jpg
30.4493873336358,114.471057858792,-100.42096546758,-20.480655701831,49.5919367222997,0000000378_L.jpg
30.4493762828232,114.47109730917,-101.631434987299,-20.6612005932257,50.0505085852757,0000000379_L.jpg
30.4493651579513,114.471136687763,-102.837500823662,-20.8773898575455,50.5677174465139,0000000380_L.jpg
30.4493537239383,114.471175976933,-104.076560032554,-21.1490530442679,51.0567291754317,0000000381_L.jpg
30.4493428130292,114.471215413964,-105.26468426967,-21.3287773735356,51.5814083060865,0000000382_L.jpg
30.4493316381544,114.471254784942,-106.487745828927,-21.6126448737923,52.0875859792608,0000000383_L.jpg
30.4493210760684,114.471294321276,-107.65910200635,-21.8657738144975,52.6187111095189,0000000384_L.jpg
30.4493103987514,114.471333847344,-108.836327379104,-22.0769519663882,53.1323849047002,0000000385_L.jpg
30.4492996459081,114.471373355775,-110.010522122961,-22.3201390946051,53.6475132445617,0000000386_L.jpg
30.4492887677617,114.471412825865,-111.198901885189,-22.5291704388801,54.1462181443721,0000000387_L.jpg
30.449278290171,114.471452468823,-112.348948825616,-22.5645874472102,54.5991864548996,0000000388_L.jpg
30.4492676953939,114.471492085354,-113.531786846463,-22.7725785991643,55.0593212843223,0000000389_L.jpg
30.4492564490175,114.471531473099,-114.76237769844,-23.0192687802482,55.4876566966996,0000000390_L.jpg
30.449245481798,114.471570960639,-115.980588085484,-23.2168388738064,55.9277792587131,0000000391_L.jpg
30.4492346179505,114.47161046389,-117.196081646252,-23.3761235495331,56.3789604206532,0000000392_L.jpg
30.4492239474803,114.471650066545,-118.39685721416,-23.546629463206,56.7659503798932,0000000393_L.jpg
30.449213271582,114.471689680036,-119.601145028137,-23.7104761388618,57.149025264792,0000000394_L.jpg
30.4492022221059,114.471729206162,-120.81691319542,-23.9237790597836,57.4939614481955,0000000395_L.jpg
30.4491905209956,114.471768444619,-122.023930790368,-24.1444096167106,57.8763101554124,0000000396_L.jpg
30.4491790166445,114.47180779186,-123.18648849288,-24.3289918414084,58.2277107295246,0000000397_L.jpg
30.4491672099862,114.471846941489,-124.398049361538,-24.5206540144281,58.6560736007498,0000000398_L.jpg
30.4491549669267,114.471885924729,-125.675835911185,-24.7475745566189,59.0590374064448,0000000399_L.jpg
30.4491432950209,114.471925126781,-126.89189933287,-24.9218814404448,59.494870940259,0000000400_L.jpg
30.449131840438,114.471964414055,-128.094611691311,-25.132070474443,59.8927926309407,0000000401_L.jpg
30.4491203633992,114.472003732789,-129.300898240414,-25.3608114516828,60.2697534359235,0000000402_L.jpg
30.4491092944014,114.47204320844,-130.464018495753,-25.5262641713489,60.6735888666374,0000000403_L.jpg
30.4490979885123,114.472082524597,-131.667771717533,-25.7326965634711,61.1215757051648,0000000404_L.jpg
30.4490866934231,114.472121844526,-132.874775618315,-25.9288369442802,61.5561535307394,0000000405_L.jpg
30.4490754217567,114.472161212213,-134.074033507146,-26.1643340711016,61.9574832152576,0000000406_L.jpg
30.4490639983029,114.472200473475,-135.293891199399,-26.4203162299236,62.3931881433951,0000000407_L.jpg
30.449053241755,114.472240016128,-136.445243847556,-26.5835699315649,62.8116470724344,0000000408_L.jpg
30.4490421870857,114.472279390852,-137.635344382375,-26.8436234603869,63.2631578035653,0000000409_L.jpg
30.4490313197726,114.472318842016,-138.80613642605,-27.0800824246835,63.7161797041774,0000000410_L.jpg
30.4490201225486,114.472358145386,-140.013795605395,-27.2815707594855,64.1886083921418,0000000411_L.jpg
30.4490090226663,114.472397458416,-141.212145365775,-27.4920939796139,64.684094771509,0000000412_L.jpg
30.4489985937064,114.472437119607,-142.344908411615,-27.679329581908,65.0843637119979,0000000413_L.jpg
30.4489855869646,114.472475584093,-143.771468394902,-27.9931743443012,65.6262199318783,0000000414_L.jpg
30.4489744975762,114.472514991394,-144.987613844685,-28.1378141971072,66.049343505688,0000000415_L.jpg
30.4489633084047,114.472554392304,-146.221509337425,-28.3407384896418,66.4354367523639,0000000416_L.jpg
30.4489522148556,114.47259382673,-147.446216396056,-28.5083652236499,66.8225168243274,0000000417_L.jpg
30.4489413787161,114.472633349048,-148.640763743781,-28.7263093328802,67.2278958905069,0000000418_L.jpg
30.4489304670781,114.472672841115,-149.842167396564,-28.8764405746479,67.6290609994638,0000000419_L.jpg
30.448919368915,114.472712257609,-151.066568457987,-29.0717064775527,68.0417470494285,0000000420_L.jpg
30.4489088305087,114.472751902814,-152.232919504866,-29.2276107878424,68.4287522966042,0000000421_L.jpg
30.4488978355817,114.472791405735,-153.450048368424,-29.3984502028907,68.7935812147781,0000000422_L.jpg
30.4488868343031,114.472830884149,-154.663849305362,-29.610098091187,69.1887091888919,0000000423_L.jpg
30.4488759257771,114.472870380637,-155.870164000429,-29.763841381995,69.5901218625158,0000000424_L.jpg
30.4488815284944,114.472911236382,-155.248268699739,-29.8444291130872,70.0719875078648,0000000425_L.jpg
30.4488695372255,114.472950359458,-156.567463148851,-30.0698532632086,70.4297233241424,0000000426_L.jpg
30.4488573364914,114.472989379056,-157.910837013274,-30.3326628789073,70.7886680187657,0000000427_L.jpg
30.4488445608067,114.473028157618,-159.316276411992,-30.5903257776517,71.1502814289184,0000000428_L.jpg
30.4488326218676,114.473067298184,-160.619852260221,-30.8498640313046,71.5164363160729,0000000429_L.jpg
30.4488203559813,114.473106266769,-161.957152253948,-31.1112581625348,71.9048125512616,0000000430_L.jpg
30.4488082846607,114.473145358996,-163.261790125165,-31.3642831613543,72.2614386500791,0000000431_L.jpg
30.4487963084821,114.47318445218,-164.547675476875,-31.6221643406898,72.6506384797394,0000000432_L.jpg
30.4487946993162,114.473199377805,-164.686128578149,-34.2117928550579,76.3916433658451,0000000433_L.jpg
30.4487833206384,114.473238214129,-165.890188758262,-34.4675150010735,75.7096842901037,0000000434_L.jpg
30.4487722163784,114.473277024347,-167.057616456877,-34.7315698747989,74.9641166053175,0000000435_L.jpg
30.4487607603978,114.473315777257,-168.253507370129,-34.9946762879845,74.2684272981433,0000000436_L.jpg
30.4487494472097,114.47335465505,-169.44381242292,-35.2374189017573,73.5915753370524,0000000437_L.jpg
30.4487333496796,114.473391620818,-171.169247411657,-35.6686872011051,73.1576877700806,0000000438_L.jpg
30.448713575361,114.473425526385,-173.300979773048,-36.3791463919915,72.4263799128311,0000000439_L.jpg
30.4487040781907,114.473464769558,-174.287211855408,-36.5648671200033,71.6312668365239,0000000440_L.jpg
30.4486943760976,114.473503949494,-175.29980746191,-36.7689701886848,70.8179215202108,0000000441_L.jpg
30.4486809816593,114.473540642659,-176.711133503821,-37.2234053546563,69.6626034290431,0000000442_L.jpg
30.4486711327927,114.473579718318,-177.71714693075,-37.4589203739306,68.8454420028464,0000000443_L.jpg
30.448661527785,114.473618922549,-178.671821367927,-37.6533047674457,68.0282394457608,0000000444_L.jpg
30.4486522174502,114.473658036606,-179.550030904822,-37.8758285769727,67.1462210529508,0000000445_L.jpg
30.4486420376033,114.473697033282,-180.475127225742,-38.098470338271,66.3260859642178,0000000446_L.jpg
30.4486316085108,114.473735928428,-181.379650421906,-38.3743274610024,65.4980892251478,0000000447_L.jpg
30.4486203195734,114.473774537277,-182.340939732734,-38.6285790760303,64.6861627465114,0000000448_L.jpg
30.448609280091,114.473813068204,-183.238227780908,-38.953445602092,63.8187432533504,0000000449_L.jpg
30.4485976045343,114.473851510164,-184.17399979569,-39.2335258476669,63.0214461494445,0000000450_L.jpg
30.4485853784408,114.473890182563,-185.152045340743,-39.5339512302307,62.4374439719929,0000000451_L.jpg
30.4485735448704,114.47392867377,-186.093707520515,-39.816908754874,61.6874425265566,0000000452_L.jpg
30.4485611981305,114.473967062387,-187.091126183048,-40.1305873446399,60.982527925597,0000000453_L.jpg
30.4485496309943,114.474005646697,-188.036238446832,-40.3796418365091,60.2138358985422,0000000454_L.jpg
30.4485376719602,114.474044060467,-189.06311017694,-40.684345748974,59.4465679219318,0000000455_L.jpg
30.4485267005947,114.474083015262,-190.032020054292,-40.9281915480969,58.7385540185497,0000000456_L.jpg
30.448516117464,114.474122111407,-191.013727810234,-41.1270427305717,58.0427380643649,0000000457_L.jpg
30.4485049758554,114.474160732699,-192.102819530293,-41.4037736937171,57.2131289778277,0000000458_L.jpg
30.4484953690198,114.474200025344,-193.066201337148,-41.5828017657623,56.4412468178572,0000000459_L.jpg
30.4484857815787,114.474239248223,-194.069991315249,-41.8050096317893,55.6526445360408,0000000460_L.jpg
30.4484757367979,114.474278400441,-195.146113067865,-41.9989496537019,54.8968239553957,0000000461_L.jpg
30.4484666550438,114.474317812226,-196.142155132722,-42.2170125643024,54.1216807042689,0000000462_L.jpg
30.4484579745023,114.474357440767,-197.095686183311,-42.3698212736053,53.3835618456291,0000000463_L.jpg
30.4484491753102,114.474396938218,-198.064839699771,-42.575849406654,52.5988166465419,0000000464_L.jpg
30.4484405223173,114.474436366359,-199.017733629327,-42.7501488092821,51.7672088537365,0000000465_L.jpg
30.4484316998272,114.474475901274,-199.972889976576,-42.9000242274487,50.9785836152732,0000000466_L.jpg
30.4484228999542,114.47451539941,-200.909826199524,-43.1038005470764,50.1851252429187,0000000467_L.jpg
30.4484138953779,114.474554831249,-201.856181245297,-43.2938404969173,49.3835168108344,0000000468_L.jpg
30.4484045370206,114.474594131185,-202.807512227912,-43.529392166296,48.55712930765,0000000469_L.jpg
30.4483948777179,114.474633355654,-203.722681289539,-43.7281923664268,47.7431273353471,0000000470_L.jpg
30.4483841140947,114.474671893776,-204.60525093507,-44.1069470004877,46.8003398207948,0000000471_L.jpg
30.4483713597272,114.474709700047,-205.532677534502,-44.4169795559719,45.8645729997589,0000000472_L.jpg
30.4483570593813,114.474746552351,-206.338115548249,-44.865514068515,44.8865489447489,0000000473_L.jpg
30.4483404243645,114.474782101705,-207.124213024508,-45.2823689159704,43.8978819945739,0000000474_L.jpg
30.4483213071112,114.474815660778,-207.81312915124,-45.8879123731749,42.835566861555,0000000475_L.jpg
30.4482993991019,114.474846769717,-208.484537616838,-46.5189348346321,41.7768796067087,0000000476_L.jpg
30.4482751079639,114.474875493632,-209.101873926818,-47.1369273068849,40.738059432183,0000000477_L.jpg
30.4482486306893,114.474901582351,-209.580356030725,-47.8709976666141,39.6795089691877,0000000478_L.jpg
30.4482197190016,114.47492373014,-210.046951440163,-48.6516756815836,38.5824268963188,0000000479_L.jpg
30.4481893995793,114.474942817039,-210.381676038727,-49.461428018054,37.4243925530463,0000000480_L.jpg
30.4481577876926,114.474959799053,-210.702472739387,-50.2408078475855,36.4099697855485,0000000481_L.jpg
30.4481252152925,114.474974826926,-210.970785674639,-50.9834629334509,35.478392043151,0000000482_L.jpg
30.448091841599,114.474986031064,-211.142727675382,-51.8573765709298,34.4113191368447,0000000483_L.jpg
30.4480575118195,114.474993391243,-211.299881718587,-52.7786328423535,33.3726758956909,0000000484_L.jpg
30.4480231058232,114.47499822281,-211.321575522423,-53.6378191775875,32.2679617712274,0000000485_L.jpg
30.4479876439128,114.475001114293,-211.429741473403,-54.3953888439573,31.5582601958886,0000000486_L.jpg
30.4479527017343,114.475000864035,-211.384626000188,-55.282420023228,30.5774071421474,0000000487_L.jpg
30.4479174311012,114.47499957831,-211.415165550541,-56.1167175023584,29.7223704811186,0000000488_L.jpg
30.4478827082387,114.47499515981,-211.256717070471,-57.1214699445991,28.7053875802085,0000000489_L.jpg
30.4478479109463,114.474990123164,-211.17738286918,-58.0558856335701,27.7669337559491,0000000490_L.jpg
30.4478131701425,114.474984195178,-210.99999995809,-58.9975658275653,26.8729771750881,0000000491_L.jpg
30.4477785060821,114.474977524335,-210.88612691639,-59.9258074967656,25.9745446061715,0000000492_L.jpg
30.4477437975262,114.474970635846,-210.693241483998,-60.8284988965606,25.1179261842327,0000000493_L.jpg
30.4477093254365,114.474962860951,-210.501704920549,-61.7836231425172,24.2170794873446,0000000494_L.jpg
30.4476749182548,114.474954745881,-210.349647336174,-62.7333860400831,23.2964909244329,0000000495_L.jpg
30.4476405879959,114.474946274219,-210.133365290239,-63.6721535767429,22.3901989378035,0000000496_L.jpg
30.4476063065434,114.474937760881,-209.958663113415,-64.5734957257519,21.4804118781461,0000000497_L.jpg
30.4475721332934,114.474928601875,-209.74080008734,-65.5078266878845,20.5689283097163,0000000498_L.jpg
30.4475381270372,114.474918757167,-209.516501531005,-66.4961397582665,19.6337902117521,0000000499_L.jpg
30.4475039141288,114.47490989152,-209.335056307726,-67.3761756361928,18.6929058739915,0000000500_L.jpg
30.4474697049567,114.474900448494,-209.12396542402,-68.2902082526125,17.8064723350108,0000000501_L.jpg
30.4474358050747,114.474890415735,-208.891979372595,-69.2542769043939,16.8510318361223,0000000502_L.jpg
30.4474016979871,114.474880772757,-208.711195103824,-70.1761630252004,15.9451785665378,0000000503_L.jpg
30.4473674975587,114.474871390083,-208.515201269649,-71.0819820378674,15.0573161505163,0000000504_L.jpg
30.4473333359547,114.474861950487,-208.336711411364,-71.9952611555345,14.1454042876139,0000000505_L.jpg
30.4472994762988,114.474851627039,-208.105478899088,-72.9911356017692,13.186849122867,0000000506_L.jpg
30.4472653398353,114.47484210898,-207.942610472906,-73.9019136332208,12.2819041414186,0000000507_L.jpg
30.4472311542328,114.474831764024,-207.726837834809,-74.8902080756379,11.488269633372,0000000508_L.jpg
30.4471971188637,114.474822298316,-207.547437100206,-75.7841446279781,10.5347276282309,0000000509_L.jpg
30.4471633898608,114.474811757298,-207.302807938308,-76.7750125736929,9.54927691414938,0000000510_L.jpg
30.447129285032,114.474802129004,-207.093171073589,-77.6741218232783,8.63863360778261,0000000511_L.jpg
30.4470953761626,114.474791968404,-206.885017960332,-78.6189122730866,7.6934292530641,0000000512_L.jpg
30.447061833467,114.474780901146,-206.624695660081,-79.6492542981869,6.68049331847578,0000000513_L.jpg
30.447027750692,114.47477112639,-206.419737932272,-80.5515549618285,5.77498237704319,0000000514_L.jpg
30.4469967114188,114.474752140208,-205.849035707302,-82.3395102745853,4.88485331460834,0000000515_L.jpg
30.4469624799615,114.474743653981,-205.648165543564,-83.1211204373976,3.93329132869688,0000000516_L.jpg
30.4469284215714,114.474734210576,-205.395949756261,-84.0006908414653,2.9944690677287,0000000517_L.jpg
30.4468944340932,114.474724648042,-205.144416399766,-84.8996879807673,2.02294389624149,0000000518_L.jpg
30.4468604622869,114.474714922828,-204.898802471347,-85.8170262838248,1.06513372004622,0000000519_L.jpg
30.4468258002525,114.474707785572,-204.763344221748,-86.4840954517713,0.204627691076858,0000000520_L.jpg
30.4467916443214,114.474698615057,-204.495119897183,-87.3487480862532,-0.722769185104923,0000000521_L.jpg
30.4467574730866,114.474689346012,-204.366106421687,-88.2169950256357,-1.63425694313039,0000000522_L.jpg
30.4467234025199,114.474679658046,-204.115488488227,-89.1248732439708,-2.55818636493228,0000000523_L.jpg
30.4467234025199,114.474679658046,-200.133777780924,-89.1193580961553,-2.54199979543238,0000000524_L.jpg
30.4466891287451,114.474670536042,-199.974325301591,-89.9799892801093,-3.41781549063311,0000000525_L.jpg
30.4466551217803,114.474660967927,-199.731735087,-90.8884163385956,-4.37720006619255,0000000526_L.jpg
30.4466211087165,114.474651389638,-199.567516254261,-91.7928297794424,-5.32594252005219,0000000527_L.jpg
30.4465871365451,114.474641446618,-199.35072389897,-92.7377845321316,-6.27100406460626,0000000528_L.jpg
30.4465522791142,114.474633640869,-199.270682126284,-93.4838678230299,-6.96836207155138,0000000529_L.jpg
30.4465180788436,114.474624378298,-199.070885614026,-94.379586613737,-7.87926483061165,0000000530_L.jpg
30.4464841211401,114.474614857403,-198.853862826712,-95.2917166069383,-8.85232065420129,0000000531_L.jpg
30.4464501933021,114.474605129869,-198.647261293605,-96.2297407774022,-9.83413668163121,0000000532_L.jpg
30.4464159705943,114.47459606566,-198.458014226984,-97.0992293176241,-10.743896829134,0000000533_L.jpg
30.4463812817509,114.4745878419,-198.261591462418,-97.8881863012211,-11.4837013192013,0000000534_L.jpg
30.446346594542,114.474579636548,-198.188510362059,-98.6707433115225,-12.2555472310632,0000000535_L.jpg
30.4463123559017,114.474570635747,-197.948948095553,-99.5334026069613,-13.1739217927679,0000000536_L.jpg
30.4462781929563,114.474560945447,-197.743531963322,-100.461850621505,-14.0554268185245,0000000537_L.jpg
30.4462438366244,114.474551292412,-197.558058712631,-101.384839887964,-14.8458423661068,0000000538_L.jpg
30.4462094469928,114.474542625602,-197.335363655351,-102.209448378766,-15.7036760756746,0000000539_L.jpg
30.4461753476812,114.474532788327,-197.081210317556,-103.149071123335,-16.5955029083416,0000000540_L.jpg
30.4461411541442,114.474523703452,-196.870594920591,-104.011690596701,-17.5207721488717,0000000541_L.jpg
30.4461069648907,114.474514567803,-196.659852935933,-104.88214577199,-18.4424424208701,0000000542_L.jpg
30.4460727674384,114.474505329,-196.468761024531,-105.755904073711,-19.3429648145795,0000000543_L.jpg
30.4460387315981,114.474495425018,-196.246250945143,-106.693054386764,-20.2557158339918,0000000544_L.jpg
30.4460046612405,114.474485976664,-196.043081598356,-107.582231217879,-21.1964561462027,0000000545_L.jpg
30.4459706691895,114.474476333206,-195.83603848936,-108.483217088156,-22.1493697238654,0000000546_L.jpg
30.4459365587958,114.474466948436,-195.649871076457,-109.356592536904,-23.0802017389787,0000000547_L.jpg
30.4459025571806,114.474456986791,-195.443942090962,-110.277891479549,-24.0058027096093,0000000548_L.jpg
30.4458685790188,114.474447024275,-195.225924093742,-111.195720321382,-24.9390711793676,0000000549_L.jpg
30.4458348300839,114.474436620755,-194.97717537079,-112.14229482878,-25.9190722497898,0000000550_L.jpg
30.445800897745,114.47442674064,-194.790662903339,-113.029061331647,-26.8617944587022,0000000551_L.jpg
30.4457670489436,114.474416249455,-194.574671451002,-113.966158170719,-27.8093234766275,0000000552_L.jpg
30.445732889531,114.474406693899,-194.393240552861,-114.781177802826,-28.7023244501738,0000000553_L.jpg
30.4456985927322,114.474397808619,-194.204782352783,-115.502282351954,-29.5931659070775,0000000554_L.jpg
30.4456639015841,114.474391099416,-194.086753379088,-115.986350387102,-30.4773074770346,0000000555_L.jpg
30.4456639015841,114.474391099416,-190.070162733551,-115.809125014115,-30.4627107660666,0000000556_L.jpg
30.4456302019513,114.474379987629,-189.823196776677,-116.656224800274,-31.3965438978404,0000000557_L.jpg
30.445596290665,114.474369676927,-189.577172492631,-117.41821682849,-32.32393345315,0000000558_L.jpg
30.4455626107991,114.474358490992,-189.313284362666,-118.255574036506,-33.2451135501057,0000000559_L.jpg
30.4455290255958,114.474346705773,-188.996951000299,-119.162280602264,-34.1556890811771,0000000560_L.jpg
30.4454954044651,114.474335238677,-188.738796854857,-120.05284813256,-35.0975292781368,0000000561_L.jpg
30.4454617367687,114.474323876326,-188.451782906428,-120.940585763426,-36.0216372935101,0000000562_L.jpg
30.4454294514682,114.474312394734,-188.034049587324,-121.871223561582,-37.4124669935554,0000000563_L.jpg
30.445395258472,114.474302585452,-187.812934225891,-122.650897618965,-38.258091491057,0000000564_L.jpg
30.4453614391699,114.474292267339,-187.591962536797,-123.489870929159,-39.2268613992528,0000000565_L.jpg
30.4453275590936,114.474281823398,-187.357272690162,-124.337695375085,-40.1587863946334,0000000566_L.jpg
30.4452936853422,114.474271691789,-187.1264367681,-125.164864388993,-41.1150871189311,0000000567_L.jpg
30.4452610185816,114.474258229507,-186.749465884175,-126.321024191217,-42.2055605808273,0000000568_L.jpg
30.4452273564262,114.474248024902,-186.487804167904,-127.165282100788,-43.2496498290212,0000000569_L.jpg
30.4451934504711,114.474237735673,-186.27564350469,-128.005358420545,-44.17229738563,0000000570_L.jpg
30.4451595387807,114.474227353386,-186.046912716236,-128.843942192267,-45.0890148949803,0000000571_L.jpg
30.4451256569765,114.474217041434,-185.84275850933,-129.679294804926,-46.0314749787928,0000000572_L.jpg
30.4450915936353,114.474207038955,-185.625885079149,-130.480040710187,-46.9225454844965,0000000573_L.jpg
30.4450576627,114.474196594486,-185.429301977158,-131.323903275537,-47.8282636292279,0000000574_L.jpg
30.4450237602915,114.474186001453,-185.172151523177,-132.156366769923,-48.7343130279332,0000000575_L.jpg
30.4449900255603,114.474175176414,-184.944066074211,-132.969227124704,-49.6945384915603,0000000576_L.jpg
30.4449565767881,114.474163475949,-184.667006074451,-133.771922635031,-50.6714821904898,0000000577_L.jpg
30.4449234617374,114.47415059833,-184.316800252534,-134.551128186635,-51.6583282496243,0000000578_L.jpg
30.4448910269641,114.474136137957,-183.962812328711,-135.296070754179,-52.6874823234975,0000000579_L.jpg
30.4448592781323,114.474119954267,-183.594002777245,-135.985441476922,-53.7579272929579,0000000580_L.jpg
30.4448285963111,114.474101393813,-183.080523349345,-136.602704609744,-54.8890438880771,0000000581_L.jpg
30.4447993898522,114.474079793055,-182.607180831954,-137.219329346437,-55.9968558736145,0000000582_L.jpg
30.4447723912925,114.474054380172,-181.989789277315,-137.85103015136,-57.0483856255143,0000000583_L.jpg
30.4447472638047,114.474026932265,-181.395889303647,-138.358939068159,-58.1962868859991,0000000584_L.jpg
30.4447262774353,114.473994812727,-180.535376534797,-138.964906406007,-59.2501058808877,0000000585_L.jpg
30.4447076352264,114.473960589611,-179.724864202552,-139.455906657618,-60.2320181103423,0000000586_L.jpg
30.4446762595782,114.47395215911,-180.640971757472,-137.180779112037,-62.0747784730941,0000000587_L.jpg
30.4446623078195,114.473915596427,-179.943931056652,-137.32809009403,-63.2352178353981,0000000588_L.jpg
30.4446552480401,114.473877133912,-178.87361129187,-137.489639455336,-64.5919961221814,0000000589_L.jpg
30.4446497919825,114.47383773831,-178.003192445263,-137.500240974477,-65.804178428304,0000000590_L.jpg
30.4446495048834,114.473797992294,-176.975194888655,-137.444212650298,-67.0395058108478,0000000591_L.jpg
30.4446507167907,114.473757849531,-176.170108327642,-137.358293550555,-68.1155978966905,0000000592_L.jpg
30.4446540661265,114.473717763688,-175.41466044588,-137.237124532461,-69.14227994252,0000000593_L.jpg
30.4446602801437,114.473677926304,-174.543082923628,-137.085258146632,-70.0992368459702,0000000594_L.jpg
30.4446674496898,114.473638391807,-173.688447759021,-136.897548728739,-71.0959718897939,0000000595_L.jpg
30.4446751322606,114.473598985374,-172.834796302486,-136.690225353464,-72.0685206511989,0000000596_L.jpg
30.444680790362,114.473558807619,-172.198944647796,-136.545797418919,-72.9120214727551,0000000597_L.jpg
30.4446890458559,114.473519612402,-171.266417482868,-136.335950677283,-73.9179325359404,0000000598_L.jpg
30.4446973604403,114.473480434966,-170.342103524599,-136.111623496283,-74.9449504145309,0000000599_L.jpg
30.4447056290117,114.473441338778,-169.431656218134,-135.888409628998,-75.9908879722091,0000000600_L.jpg
